### CROSS VALIDATION GLOBAL RESULTS ###

DATE                | ITERATIONS | RECORDS | TP    | TN    | FP    | FN    | ACCU. | SPEC. | SENS. | PREC. | GMEAN | AUC   | F1    | MCC    |
=============================================================================================================================================
2014-12-31 15:35:19 | 10         | 1000000 | 1000  | 1000  | 1000  | 1000  | 0.546 | 0.765 | 0.432 | 0.678 | 0.123 | 0.897 | 0.699 | +0.999 |
2015-01-05 21:29:26 | 10         | 23      | 5.800 | 5.800 | 5.300 | 6.100 | 0.504 | 0.527 | 0.477 | 0.000 | 0.498 | 0.738 | 0.491 | +0.002 |
2015-01-05 21:31:59 | 10         | 23      | 5.100 | 4.900 | 6.400 | 6.600 | 0.435 | 0.439 | 0.430 | 0.000 | 0.426 | 0.715 | 0.434 | -0.129 | 
2015-01-05 21:33:51 | 10         | 23      | 5.400 | 5.700 | 5.100 | 6.800 | 0.483 | 0.537 | 0.423 | 0.000 | 0.468 | 0.712 | 0.453 | -0.039 | 
2015-01-05 21:33:52 | 10         | 23      | 6.600 | 5.400 | 6.300 | 4.700 | 0.522 | 0.451 | 0.584 | 0.000 | 0.506 | 0.792 | 0.541 | +0.035 | 
2015-01-05 21:33:54 | 10         | 23      | 6.300 | 6.000 | 5.700 | 5.000 | 0.535 | 0.516 | 0.546 | 0.000 | 0.519 | 0.773 | 0.528 | +0.064 | 
2015-01-05 21:35:18 | 10         | 230     | 5.000 | 5.400 | 6.000 | 6.600 | 0.452 | 0.465 | 0.430 | 0.000 | 0.441 | 0.715 | 0.434 | -0.105 | 
2015-01-06 11:57:14 | 10         | 0       | 0.000 | 0.000 | 0.000 | 0.000 | 0.000 | 0.000 | 0.000 | 0.000 | 0.000 | 0.000 | 0.000 | +0.000 | 
2015-01-06 12:27:46 | 10         | 0       | 0.000 | 0.000 | 0.000 | 0.000 | 0.000 | 0.000 | 0.000 | 0.000 | 0.000 | 0.000 | 0.000 | +0.000 | 
2015-01-06 12:46:20 | 10         | 0       | 0.000 | 0.000 | 0.000 | 0.000 | 0.000 | 0.000 | 0.000 | 0.000 | 0.000 | 0.000 | 0.000 | +0.000 | 
2015-01-06 13:11:22 | 10         | 0       | 0.000 | 0.000 | 0.000 | 0.000 | 0.000 | 0.000 | 0.000 | 0.000 | 0.000 | 0.000 | 0.000 | +0.000 | 
2015-01-06 15:03:29 | 10         | 0       | 0.000 | 0.000 | 0.000 | 0.000 | 0.000 | 0.000 | 0.000 | 0.000 | 0.000 | 0.000 | 0.000 | +0.000 | 
2015-01-06 15:05:39 | 10         | 0       | 0.000 | 0.000 | 0.000 | 0.000 | 0.000 | 0.000 | 0.000 | 0.000 | 0.000 | 0.000 | 0.000 | +0.000 | 
2015-01-06 15:06:38 | 10         | 0       | 0.000 | 0.000 | 0.000 | 0.000 | 0.000 | 0.000 | 0.000 | 0.000 | 0.000 | 0.000 | 0.000 | +0.000 | 
2015-01-06 15:06:51 | 10         | 0       | 0.000 | 0.000 | 0.000 | 0.000 | 0.000 | 0.000 | 0.000 | 0.000 | 0.000 | 0.000 | 0.000 | +0.000 | 
2015-01-06 15:14:22 | 10         | 0       | 0.000 | 0.000 | 0.000 | 0.000 | 0.000 | 0.000 | 0.000 | 0.000 | 0.000 | 0.000 | 0.000 | +0.000 | 
2015-01-06 15:27:33 | 10         | 0       | 0.000 | 0.000 | 0.000 | 0.000 | 0.000 | 0.000 | 0.000 | 0.000 | 0.000 | 0.000 | 0.000 | +0.000 | 
2015-01-06 15:28:15 | 10         | 0       | 0.000 | 0.000 | 0.000 | 0.000 | 0.000 | 0.000 | 0.000 | 0.000 | 0.000 | 0.000 | 0.000 | +0.000 | 
2015-01-08 21:53:42 | 10         | 0       | 0.000 | 0.000 | 0.000 | 0.000 | 0.000 | 0.000 | 0.000 | 0.000 | 0.000 | 0.000 | 0.000 | +0.000 | 
2015-01-08 23:57:04 | 10         | 0       | 0.000 | 0.000 | 0.000 | 0.000 | 0.000 | 0.000 | 0.000 | 0.000 | 0.000 | 0.000 | 0.000 | +0.000 | 
2015-01-10 17:40:39 | 10         | 0       | 0.000 | 0.000 | 0.000 | 0.000 | 0.000 | 0.000 | 0.000 | 0.000 | 0.000 | 0.000 | 0.000 | +0.000 | 
2015-01-10 17:44:54 | 10         | 230     | 5.700 | 5.900 | 6.100 | 5.300 | 0.504 | 0.500 | 0.513 | 0.000 | 0.501 | 0.757 | 0.493 | +0.011 | 
2015-01-10 17:45:37 | 10         | 230     | 5.300 | 6.000 | 6.500 | 5.200 | 0.491 | 0.483 | 0.487 | 0.000 | 0.478 | 0.743 | 0.454 | -0.024 | 
2015-01-10 17:47:58 | 10         | 1640    | 42.200 | 41.100 | 39.800 | 40.900 | 0.508 | 0.507 | 0.508 | 0.000 | 0.507 | 0.754 | 0.511 | +0.015 | 
2015-01-10 17:51:19 | 10         | 1640    | 37.600 | 44.000 | 42.800 | 39.600 | 0.498 | 0.507 | 0.487 | 0.000 | 0.496 | 0.744 | 0.476 | -0.006 | 
2015-01-10 17:51:25 | 10         | 1640    | 40.400 | 41.200 | 42.900 | 39.500 | 0.498 | 0.490 | 0.506 | 0.000 | 0.496 | 0.753 | 0.493 | -0.004 | 
2015-01-10 17:52:41 | 10         | 1640    | 43.700 | 39.900 | 40.700 | 39.700 | 0.510 | 0.495 | 0.524 | 0.000 | 0.508 | 0.762 | 0.520 | +0.019 | 
2015-01-10 17:57:01 | 10         | 1640    | 41.600 | 39.800 | 40.300 | 42.300 | 0.496 | 0.497 | 0.498 | 0.000 | 0.496 | 0.749 | 0.502 | -0.006 | 
2015-01-10 17:57:36 | 10         | 1640    | 37.500 | 42.300 | 40.800 | 43.400 | 0.487 | 0.508 | 0.463 | 0.000 | 0.483 | 0.732 | 0.470 | -0.029 | 
2015-01-10 17:58:47 | 10         | 1640    | 43.700 | 37.900 | 42.200 | 40.200 | 0.498 | 0.474 | 0.521 | 0.000 | 0.495 | 0.760 | 0.513 | -0.006 | 
2015-01-10 17:59:08 | 10         | 1640    | 42.400 | 43.000 | 39.200 | 39.400 | 0.521 | 0.523 | 0.518 | 0.000 | 0.519 | 0.759 | 0.517 | +0.041 | 
2015-01-10 17:59:43 | 10         | 1640    | 41.900 | 40.500 | 39.600 | 42.000 | 0.502 | 0.506 | 0.500 | 0.000 | 0.501 | 0.750 | 0.506 | +0.005 | 
2015-01-10 18:08:15 | 10         | 1640    | 40.700 | 38.200 | 41.000 | 44.100 | 0.481 | 0.482 | 0.479 | 0.000 | 0.480 | 0.740 | 0.488 | -0.038 | 
2015-01-10 18:08:31 | 10         | 1640    | 40.500 | 39.700 | 42.000 | 41.800 | 0.489 | 0.487 | 0.494 | 0.000 | 0.489 | 0.747 | 0.491 | -0.020 | 
2015-01-10 18:12:54 | 10         | 1640    | 41.800 | 39.300 | 40.500 | 42.400 | 0.495 | 0.492 | 0.496 | 0.000 | 0.493 | 0.748 | 0.501 | -0.012 | 
2015-01-10 18:13:36 | 10         | 1640    | 41.000 | 40.300 | 44.000 | 38.700 | 0.496 | 0.476 | 0.516 | 0.000 | 0.494 | 0.758 | 0.496 | -0.008 | 
2015-01-10 18:24:36 | 10         | 1640    | 40.700 | 40.000 | 44.600 | 38.700 | 0.492 | 0.473 | 0.513 | 0.000 | 0.491 | 0.757 | 0.492 | -0.013 | 
2015-01-10 18:25:10 | 10         | 1640    | 42.400 | 39.200 | 40.900 | 41.500 | 0.498 | 0.489 | 0.507 | 0.000 | 0.497 | 0.754 | 0.507 | -0.004 | 
2015-01-10 18:25:37 | 10         | 1640    | 39.300 | 43.600 | 42.100 | 39.000 | 0.505 | 0.510 | 0.503 | 0.000 | 0.505 | 0.751 | 0.492 | +0.013 | 
2015-01-10 18:26:53 | 10         | 1640    | 40.900 | 39.300 | 42.000 | 41.800 | 0.489 | 0.480 | 0.497 | 0.000 | 0.487 | 0.748 | 0.495 | -0.023 | 
2015-01-10 18:27:28 | 10         | 1640    | 41.700 | 41.100 | 41.800 | 39.400 | 0.505 | 0.495 | 0.515 | 0.000 | 0.503 | 0.758 | 0.506 | +0.010 | 
2015-01-10 18:27:58 | 10         | 1640    | 39.900 | 39.000 | 44.100 | 41.000 | 0.481 | 0.468 | 0.494 | 0.000 | 0.480 | 0.747 | 0.483 | -0.038 | 
2015-01-10 18:28:25 | 10         | 1640    | 39.900 | 41.800 | 41.700 | 40.600 | 0.498 | 0.499 | 0.496 | 0.000 | 0.496 | 0.748 | 0.491 | -0.005 | 
2015-01-10 18:30:53 | 10         | 1640    | 38.300 | 43.300 | 42.600 | 39.800 | 0.498 | 0.504 | 0.491 | 0.000 | 0.496 | 0.745 | 0.481 | -0.006 | 
2015-01-10 18:31:13 | 10         | 1640    | 43.400 | 39.500 | 40.100 | 41.000 | 0.505 | 0.495 | 0.515 | 0.000 | 0.503 | 0.757 | 0.515 | +0.010 | 
2015-01-10 18:31:31 | 10         | 1640    | 38.100 | 41.000 | 41.700 | 43.200 | 0.482 | 0.497 | 0.467 | 0.000 | 0.480 | 0.733 | 0.470 | -0.037 | 
2015-01-10 18:31:59 | 10         | 1640    | 45.300 | 37.700 | 38.500 | 42.500 | 0.506 | 0.497 | 0.514 | 0.000 | 0.503 | 0.757 | 0.526 | +0.010 | 
2015-01-10 18:32:16 | 10         | 1640    | 41.900 | 41.400 | 40.400 | 40.300 | 0.508 | 0.507 | 0.511 | 0.000 | 0.507 | 0.755 | 0.508 | +0.017 | 
2015-01-10 18:32:54 | 10         | 1640    | 39.300 | 39.400 | 40.300 | 45.000 | 0.480 | 0.492 | 0.466 | 0.000 | 0.476 | 0.733 | 0.477 | -0.042 | 
2015-01-10 18:36:45 | 10         | 1640    | 40.400 | 42.100 | 42.000 | 39.500 | 0.503 | 0.501 | 0.506 | 0.000 | 0.502 | 0.753 | 0.496 | +0.007 | 
2015-01-10 18:37:37 | 10         | 1640    | 43.600 | 39.600 | 40.000 | 40.800 | 0.507 | 0.498 | 0.517 | 0.000 | 0.506 | 0.759 | 0.518 | +0.014 | 
2015-01-10 18:42:50 | 10         | 1640    | 39.900 | 40.100 | 40.200 | 43.800 | 0.488 | 0.501 | 0.478 | 0.000 | 0.487 | 0.739 | 0.487 | -0.021 | 
2015-01-10 18:43:20 | 10         | 1640    | 40.200 | 43.300 | 39.800 | 40.700 | 0.509 | 0.521 | 0.497 | 0.000 | 0.507 | 0.749 | 0.498 | +0.018 | 
2015-01-10 18:44:09 | 10         | 1640    | 44.100 | 40.800 | 41.000 | 38.100 | 0.518 | 0.499 | 0.536 | 0.000 | 0.516 | 0.768 | 0.526 | +0.035 | 
2015-01-10 18:45:04 | 10         | 1640    | 37.500 | 40.700 | 45.700 | 40.100 | 0.477 | 0.470 | 0.482 | 0.000 | 0.475 | 0.741 | 0.465 | -0.047 | 
2015-01-10 18:46:42 | 10         | 1640    | 39.000 | 42.500 | 41.000 | 41.500 | 0.497 | 0.508 | 0.484 | 0.000 | 0.494 | 0.742 | 0.484 | -0.009 | 
2015-01-10 18:47:10 | 10         | 1640    | 43.300 | 40.500 | 40.000 | 40.200 | 0.511 | 0.501 | 0.520 | 0.000 | 0.510 | 0.760 | 0.519 | +0.021 | 
2015-01-10 18:47:26 | 10         | 1640    | 42.600 | 40.900 | 38.800 | 41.700 | 0.509 | 0.512 | 0.504 | 0.000 | 0.507 | 0.752 | 0.513 | +0.017 | 
2015-01-10 18:48:00 | 10         | 1640    | 43.300 | 39.400 | 41.600 | 39.700 | 0.504 | 0.485 | 0.520 | 0.000 | 0.499 | 0.760 | 0.512 | +0.005 | 
2015-01-10 18:48:15 | 10         | 1640    | 39.200 | 42.800 | 41.100 | 40.900 | 0.500 | 0.509 | 0.490 | 0.000 | 0.499 | 0.745 | 0.488 | -0.001 | 
2015-01-10 18:48:43 | 10         | 1640    | 38.800 | 40.100 | 42.800 | 42.300 | 0.481 | 0.481 | 0.478 | 0.000 | 0.479 | 0.739 | 0.475 | -0.041 | 
2015-01-10 18:49:33 | 10         | 1640    | 41.100 | 40.800 | 41.000 | 41.100 | 0.499 | 0.500 | 0.500 | 0.000 | 0.499 | 0.750 | 0.500 | +0.000 | 
2015-01-10 18:50:37 | 10         | 1640    | 40.400 | 40.900 | 43.000 | 39.700 | 0.496 | 0.487 | 0.503 | 0.000 | 0.494 | 0.752 | 0.493 | -0.009 | 
2015-01-10 18:51:41 | 10         | 1640    | 38.300 | 43.300 | 42.000 | 40.400 | 0.498 | 0.508 | 0.487 | 0.000 | 0.496 | 0.743 | 0.482 | -0.005 | 
2015-01-10 18:53:54 | 10         | 1640    | 42.900 | 39.400 | 40.900 | 40.800 | 0.502 | 0.490 | 0.513 | 0.000 | 0.500 | 0.757 | 0.511 | +0.004 | 
2015-01-10 18:55:51 | 10         | 1640    | 40.700 | 42.300 | 39.200 | 41.800 | 0.506 | 0.519 | 0.493 | 0.000 | 0.504 | 0.747 | 0.499 | +0.013 | 
2015-01-10 18:57:20 | 10         | 1640    | 42.700 | 40.700 | 40.200 | 40.400 | 0.509 | 0.502 | 0.514 | 0.000 | 0.507 | 0.757 | 0.514 | +0.016 | 
2015-01-10 18:58:03 | 10         | 1640    | 39.600 | 37.000 | 42.700 | 44.700 | 0.467 | 0.465 | 0.470 | 0.000 | 0.467 | 0.735 | 0.474 | -0.065 | 
2015-01-10 18:58:45 | 10         | 1640    | 40.000 | 43.900 | 40.800 | 39.300 | 0.512 | 0.519 | 0.505 | 0.000 | 0.511 | 0.753 | 0.499 | +0.025 | 
2015-01-10 19:00:24 | 10         | 1640    | 41.600 | 38.900 | 41.800 | 41.700 | 0.491 | 0.479 | 0.501 | 0.000 | 0.489 | 0.751 | 0.497 | -0.019 | 
2015-01-10 19:00:58 | 10         | 1640    | 36.700 | 42.600 | 41.500 | 43.200 | 0.484 | 0.507 | 0.461 | 0.000 | 0.483 | 0.730 | 0.463 | -0.032 | 
2015-01-10 19:01:19 | 10         | 1640    | 39.600 | 42.400 | 40.800 | 41.200 | 0.500 | 0.509 | 0.489 | 0.000 | 0.497 | 0.745 | 0.489 | -0.001 | 
2015-01-10 19:01:39 | 10         | 1640    | 40.400 | 44.300 | 38.900 | 40.400 | 0.516 | 0.533 | 0.501 | 0.000 | 0.515 | 0.751 | 0.504 | +0.034 | 
2015-01-10 19:01:59 | 10         | 1640    | 39.500 | 40.700 | 42.800 | 41.000 | 0.489 | 0.489 | 0.491 | 0.000 | 0.488 | 0.745 | 0.484 | -0.020 | 
2015-01-10 19:03:33 | 10         | 1640    | 41.200 | 40.300 | 41.900 | 40.600 | 0.497 | 0.490 | 0.503 | 0.000 | 0.495 | 0.752 | 0.499 | -0.007 | 
2015-01-10 19:03:56 | 10         | 1640    | 39.000 | 45.700 | 41.400 | 37.900 | 0.516 | 0.526 | 0.507 | 0.000 | 0.514 | 0.753 | 0.493 | +0.032 | 
2015-01-10 19:04:27 | 10         | 1640    | 39.100 | 41.500 | 39.400 | 44.000 | 0.491 | 0.514 | 0.469 | 0.000 | 0.490 | 0.735 | 0.482 | -0.017 | 
2015-01-10 19:04:54 | 10         | 1640    | 39.400 | 41.000 | 40.000 | 43.600 | 0.490 | 0.507 | 0.474 | 0.000 | 0.489 | 0.737 | 0.485 | -0.019 | 
2015-01-10 19:05:58 | 10         | 1640    | 36.100 | 43.900 | 43.100 | 40.900 | 0.488 | 0.505 | 0.471 | 0.000 | 0.486 | 0.735 | 0.461 | -0.024 | 
2015-01-10 19:11:06 | 10         | 1640    | 40.200 | 41.300 | 42.000 | 40.500 | 0.497 | 0.497 | 0.497 | 0.000 | 0.496 | 0.748 | 0.491 | -0.006 | 
2015-01-10 19:12:44 | 10         | 1640    | 40.300 | 39.000 | 43.900 | 40.800 | 0.484 | 0.469 | 0.498 | 0.000 | 0.482 | 0.749 | 0.487 | -0.033 | 
2015-01-10 19:13:53 | 10         | 1640    | 41.400 | 42.400 | 41.500 | 38.700 | 0.511 | 0.504 | 0.516 | 0.000 | 0.509 | 0.758 | 0.506 | +0.020 | 
2015-01-10 19:14:39 | 10         | 1640    | 41.900 | 42.300 | 40.900 | 38.900 | 0.513 | 0.508 | 0.518 | 0.000 | 0.512 | 0.759 | 0.511 | +0.027 | 
2015-01-10 19:15:18 | 10         | 1640    | 42.300 | 40.500 | 42.400 | 38.800 | 0.505 | 0.488 | 0.523 | 0.000 | 0.504 | 0.761 | 0.510 | +0.011 | 
2015-01-10 19:15:42 | 10         | 1640    | 38.300 | 42.900 | 42.500 | 40.300 | 0.495 | 0.503 | 0.488 | 0.000 | 0.491 | 0.744 | 0.477 | -0.010 | 
2015-01-10 19:16:08 | 10         | 1640    | 42.500 | 38.400 | 42.300 | 40.800 | 0.493 | 0.476 | 0.509 | 0.000 | 0.491 | 0.755 | 0.503 | -0.014 | 
2015-01-10 19:17:05 | 10         | 1640    | 42.300 | 40.800 | 41.700 | 39.200 | 0.507 | 0.494 | 0.520 | 0.000 | 0.505 | 0.760 | 0.511 | +0.014 | 
2015-01-10 19:17:50 | 10         | 1640    | 41.000 | 40.500 | 41.700 | 40.800 | 0.497 | 0.492 | 0.500 | 0.000 | 0.495 | 0.750 | 0.496 | -0.008 | 
2015-01-10 19:18:34 | 10         | 1640    | 36.600 | 42.200 | 39.700 | 45.500 | 0.480 | 0.513 | 0.446 | 0.000 | 0.477 | 0.723 | 0.460 | -0.041 | 
2015-01-10 19:19:15 | 10         | 1640    | 40.200 | 39.700 | 41.700 | 42.400 | 0.487 | 0.487 | 0.487 | 0.000 | 0.486 | 0.743 | 0.489 | -0.026 | 
2015-01-10 19:27:50 | 10         | 1640    | 41.300 | 41.800 | 39.500 | 41.400 | 0.507 | 0.514 | 0.501 | 0.000 | 0.506 | 0.750 | 0.505 | +0.014 | 
2015-01-10 19:32:38 | 10         | 1640    | 42.800 | 39.000 | 40.900 | 41.300 | 0.499 | 0.486 | 0.509 | 0.000 | 0.497 | 0.754 | 0.509 | -0.006 | 
2015-01-10 19:33:36 | 10         | 1640    | 42.500 | 41.100 | 38.300 | 42.100 | 0.510 | 0.517 | 0.501 | 0.000 | 0.509 | 0.751 | 0.513 | +0.019 | 
2015-01-10 19:34:24 | 10         | 1640    | 42.900 | 37.000 | 43.800 | 40.300 | 0.487 | 0.458 | 0.516 | 0.000 | 0.484 | 0.758 | 0.504 | -0.026 | 
2015-01-10 19:34:42 | 10         | 1640    | 41.600 | 40.000 | 41.000 | 41.400 | 0.498 | 0.492 | 0.501 | 0.000 | 0.494 | 0.750 | 0.501 | -0.007 | 
2015-01-10 19:35:24 | 10         | 1640    | 41.600 | 43.100 | 38.600 | 40.700 | 0.516 | 0.527 | 0.504 | 0.000 | 0.513 | 0.752 | 0.509 | +0.032 | 
2015-01-10 19:39:02 | 10         | 1640    | 39.200 | 43.600 | 38.200 | 43.000 | 0.505 | 0.533 | 0.477 | 0.000 | 0.502 | 0.739 | 0.490 | +0.011 | 
2015-01-10 19:39:22 | 10         | 1640    | 38.300 | 41.600 | 41.900 | 42.200 | 0.487 | 0.498 | 0.477 | 0.000 | 0.485 | 0.738 | 0.476 | -0.026 | 
2015-01-10 19:40:22 | 10         | 1640    | 44.300 | 38.400 | 41.700 | 39.600 | 0.504 | 0.482 | 0.529 | 0.000 | 0.502 | 0.764 | 0.520 | +0.011 | 
2015-01-10 19:40:45 | 10         | 1640    | 40.200 | 41.800 | 40.600 | 41.400 | 0.500 | 0.506 | 0.492 | 0.000 | 0.499 | 0.746 | 0.494 | -0.002 | 
2015-01-10 19:42:13 | 10         | 1640    | 42.400 | 40.000 | 40.500 | 41.100 | 0.502 | 0.496 | 0.506 | 0.000 | 0.499 | 0.753 | 0.507 | +0.002 | 
2015-01-10 19:42:21 | 10         | 1640    | 44.400 | 39.600 | 39.900 | 40.100 | 0.512 | 0.499 | 0.526 | 0.000 | 0.511 | 0.763 | 0.526 | +0.024 | 
2015-01-10 19:42:41 | 10         | 1640    | 40.600 | 41.600 | 42.500 | 39.300 | 0.501 | 0.496 | 0.508 | 0.000 | 0.500 | 0.754 | 0.497 | +0.003 | 
2015-01-10 19:51:01 | 10         | 1640    | 39.200 | 41.400 | 39.400 | 44.000 | 0.491 | 0.513 | 0.471 | 0.000 | 0.490 | 0.735 | 0.483 | -0.017 | 
2015-01-10 19:53:16 | 10         | 1640    | 38.700 | 41.600 | 40.400 | 43.300 | 0.490 | 0.507 | 0.472 | 0.000 | 0.489 | 0.736 | 0.479 | -0.021 | 
2015-01-10 19:53:40 | 10         | 1640    | 42.200 | 39.500 | 43.200 | 39.100 | 0.498 | 0.477 | 0.520 | 0.000 | 0.497 | 0.760 | 0.506 | -0.002 | 
2015-01-10 19:54:35 | 10         | 1640    | 40.300 | 41.300 | 42.800 | 39.600 | 0.498 | 0.491 | 0.502 | 0.000 | 0.496 | 0.751 | 0.492 | -0.006 | 
2015-01-10 19:54:57 | 10         | 1640    | 40.900 | 40.300 | 41.600 | 41.200 | 0.495 | 0.491 | 0.496 | 0.000 | 0.492 | 0.748 | 0.493 | -0.012 | 
2015-01-10 19:55:22 | 10         | 1640    | 43.000 | 43.500 | 40.500 | 37.000 | 0.527 | 0.518 | 0.539 | 0.000 | 0.527 | 0.769 | 0.525 | +0.057 | 
2015-01-10 19:55:38 | 10         | 1640    | 40.400 | 40.900 | 41.100 | 41.600 | 0.496 | 0.498 | 0.492 | 0.000 | 0.494 | 0.746 | 0.492 | -0.010 | 
2015-01-10 19:55:54 | 10         | 1640    | 40.700 | 41.800 | 38.000 | 43.500 | 0.503 | 0.522 | 0.484 | 0.000 | 0.502 | 0.742 | 0.499 | +0.006 | 
2015-01-10 19:56:19 | 10         | 1640    | 44.000 | 37.500 | 39.500 | 43.000 | 0.497 | 0.487 | 0.506 | 0.000 | 0.496 | 0.753 | 0.516 | -0.007 | 
2015-01-10 19:57:09 | 10         | 1640    | 40.100 | 38.300 | 43.600 | 42.000 | 0.478 | 0.468 | 0.487 | 0.000 | 0.477 | 0.744 | 0.483 | -0.044 | 
2015-01-10 19:57:42 | 10         | 1640    | 38.900 | 41.100 | 40.600 | 43.400 | 0.488 | 0.503 | 0.473 | 0.000 | 0.487 | 0.736 | 0.480 | -0.024 | 
2015-01-10 19:58:14 | 10         | 1640    | 39.000 | 45.000 | 42.000 | 38.000 | 0.512 | 0.516 | 0.507 | 0.000 | 0.510 | 0.754 | 0.493 | +0.023 | 
2015-01-10 20:07:40 | 10         | 1640    | 41.700 | 40.700 | 40.800 | 40.800 | 0.502 | 0.499 | 0.504 | 0.000 | 0.500 | 0.752 | 0.504 | +0.003 | 
2015-01-10 20:14:31 | 10         | 1640    | 46.000 | 38.700 | 38.900 | 40.400 | 0.516 | 0.502 | 0.533 | 0.000 | 0.515 | 0.766 | 0.535 | +0.034 | 
2015-01-10 20:16:28 | 10         | 1640    | 39.000 | 42.800 | 40.100 | 42.100 | 0.499 | 0.516 | 0.482 | 0.000 | 0.498 | 0.741 | 0.486 | -0.001 | 
2015-01-10 20:17:26 | 10         | 1640    | 39.200 | 42.200 | 39.500 | 43.100 | 0.496 | 0.515 | 0.476 | 0.000 | 0.493 | 0.738 | 0.485 | -0.009 | 
2015-01-10 20:18:07 | 10         | 1640    | 41.500 | 40.400 | 40.600 | 41.500 | 0.499 | 0.498 | 0.499 | 0.000 | 0.497 | 0.750 | 0.501 | -0.003 | 
2015-01-10 20:19:28 | 10         | 1640    | 41.400 | 40.200 | 39.300 | 43.100 | 0.498 | 0.505 | 0.489 | 0.000 | 0.496 | 0.744 | 0.500 | -0.006 | 
2015-01-10 20:20:18 | 10         | 1640    | 40.800 | 43.300 | 40.300 | 39.600 | 0.513 | 0.519 | 0.505 | 0.000 | 0.511 | 0.752 | 0.502 | +0.024 | 
2015-01-10 20:20:52 | 10         | 1640    | 42.800 | 38.900 | 41.800 | 40.500 | 0.498 | 0.482 | 0.514 | 0.000 | 0.497 | 0.757 | 0.509 | -0.004 | 
2015-01-10 20:22:10 | 10         | 1640    | 40.800 | 40.400 | 43.900 | 38.900 | 0.495 | 0.480 | 0.510 | 0.000 | 0.494 | 0.755 | 0.495 | -0.010 | 
2015-01-10 20:22:38 | 10         | 1640    | 41.900 | 37.900 | 43.300 | 40.900 | 0.487 | 0.468 | 0.507 | 0.000 | 0.486 | 0.753 | 0.498 | -0.026 | 
2015-01-10 20:23:18 | 10         | 1640    | 43.000 | 39.200 | 39.300 | 42.500 | 0.501 | 0.499 | 0.503 | 0.000 | 0.498 | 0.752 | 0.510 | +0.002 | 
2015-01-10 20:23:31 | 10         | 1640    | 40.500 | 39.200 | 41.300 | 43.000 | 0.486 | 0.485 | 0.486 | 0.000 | 0.485 | 0.743 | 0.490 | -0.028 | 
2015-01-10 20:25:03 | 10         | 1640    | 43.300 | 42.300 | 39.700 | 38.700 | 0.522 | 0.516 | 0.527 | 0.000 | 0.520 | 0.763 | 0.523 | +0.043 | 
2015-01-10 20:25:32 | 10         | 1640    | 40.700 | 41.100 | 40.400 | 41.800 | 0.499 | 0.504 | 0.492 | 0.000 | 0.496 | 0.746 | 0.495 | -0.005 | 
2015-01-10 20:25:55 | 10         | 1640    | 38.600 | 44.200 | 41.800 | 39.400 | 0.505 | 0.515 | 0.494 | 0.000 | 0.503 | 0.747 | 0.486 | +0.009 | 
2015-01-10 20:26:58 | 10         | 1640    | 42.700 | 40.700 | 41.100 | 39.500 | 0.509 | 0.497 | 0.519 | 0.000 | 0.506 | 0.759 | 0.512 | +0.016 | 
2015-01-10 20:27:55 | 10         | 1640    | 44.200 | 39.000 | 39.100 | 41.700 | 0.507 | 0.500 | 0.515 | 0.000 | 0.506 | 0.758 | 0.523 | +0.015 | 
2015-01-10 20:28:16 | 10         | 1640    | 41.300 | 40.500 | 43.500 | 38.700 | 0.499 | 0.482 | 0.514 | 0.000 | 0.497 | 0.757 | 0.499 | -0.003 | 
2015-01-10 20:28:44 | 10         | 1640    | 42.600 | 40.900 | 41.600 | 38.900 | 0.509 | 0.494 | 0.524 | 0.000 | 0.508 | 0.762 | 0.513 | +0.017 | 
2015-01-10 20:29:04 | 10         | 1640    | 40.500 | 39.900 | 40.800 | 42.800 | 0.490 | 0.495 | 0.486 | 0.000 | 0.490 | 0.743 | 0.492 | -0.018 | 
2015-01-10 20:31:56 | 10         | 1640    | 41.800 | 40.000 | 40.700 | 41.500 | 0.499 | 0.495 | 0.500 | 0.000 | 0.495 | 0.750 | 0.502 | -0.005 | 
2015-01-10 20:32:49 | 10         | 1640    | 43.900 | 41.900 | 39.100 | 39.100 | 0.523 | 0.519 | 0.529 | 0.000 | 0.523 | 0.765 | 0.528 | +0.048 | 
2015-01-10 20:34:00 | 10         | 1640    | 39.700 | 39.600 | 44.600 | 40.100 | 0.484 | 0.470 | 0.496 | 0.000 | 0.481 | 0.748 | 0.481 | -0.034 | 
2015-01-10 20:34:33 | 10         | 1640    | 38.300 | 43.700 | 44.100 | 37.900 | 0.500 | 0.497 | 0.505 | 0.000 | 0.498 | 0.752 | 0.483 | +0.002 | 
2015-01-10 20:34:55 | 10         | 1640    | 41.400 | 40.500 | 42.900 | 39.200 | 0.499 | 0.484 | 0.513 | 0.000 | 0.497 | 0.757 | 0.501 | -0.003 | 
2015-01-10 20:36:01 | 10         | 1640    | 40.400 | 40.100 | 41.800 | 41.700 | 0.491 | 0.490 | 0.494 | 0.000 | 0.490 | 0.747 | 0.491 | -0.015 | 
2015-01-10 20:36:52 | 10         | 1640    | 41.000 | 42.200 | 40.000 | 40.800 | 0.507 | 0.514 | 0.500 | 0.000 | 0.506 | 0.750 | 0.502 | +0.013 | 
2015-01-10 20:37:39 | 10         | 1640    | 41.900 | 40.900 | 38.800 | 42.400 | 0.505 | 0.512 | 0.497 | 0.000 | 0.503 | 0.749 | 0.507 | +0.009 | 
2015-01-10 20:38:34 | 10         | 1640    | 42.600 | 40.900 | 38.500 | 42.000 | 0.509 | 0.515 | 0.503 | 0.000 | 0.508 | 0.752 | 0.513 | +0.018 | 
2015-01-10 21:00:40 | 10         | 1640    | 40.400 | 40.400 | 39.300 | 43.900 | 0.493 | 0.506 | 0.479 | 0.000 | 0.491 | 0.740 | 0.492 | -0.014 | 
2015-01-10 21:01:16 | 10         | 1640    | 44.300 | 39.000 | 39.900 | 40.800 | 0.508 | 0.494 | 0.522 | 0.000 | 0.507 | 0.761 | 0.523 | +0.017 | 
2015-01-10 21:06:47 | 10         | 1640    | 41.000 | 40.000 | 40.900 | 42.100 | 0.494 | 0.494 | 0.493 | 0.000 | 0.492 | 0.746 | 0.494 | -0.013 | 
2015-01-10 21:07:15 | 10         | 1640    | 40.400 | 43.300 | 37.000 | 43.300 | 0.510 | 0.540 | 0.481 | 0.000 | 0.509 | 0.741 | 0.500 | +0.022 | 
2015-01-10 21:15:02 | 10         | 1640    | 39.500 | 41.000 | 39.000 | 44.500 | 0.491 | 0.514 | 0.469 | 0.000 | 0.490 | 0.735 | 0.486 | -0.017 | 
2015-01-10 21:16:18 | 10         | 1640    | 44.600 | 42.400 | 37.500 | 39.500 | 0.530 | 0.531 | 0.530 | 0.000 | 0.529 | 0.765 | 0.535 | +0.060 | 
2015-01-10 21:17:08 | 10         | 1640    | 38.800 | 45.000 | 42.200 | 38.000 | 0.511 | 0.517 | 0.506 | 0.000 | 0.510 | 0.753 | 0.491 | +0.023 | 
2015-01-10 21:19:28 | 10         | 1640    | 42.300 | 40.100 | 37.600 | 44.000 | 0.502 | 0.514 | 0.490 | 0.000 | 0.500 | 0.745 | 0.508 | +0.004 | 
2015-01-10 21:20:51 | 10         | 1640    | 39.500 | 41.000 | 41.900 | 41.600 | 0.491 | 0.495 | 0.487 | 0.000 | 0.490 | 0.743 | 0.485 | -0.018 | 
2015-01-10 21:22:53 | 10         | 1640    | 40.000 | 39.100 | 41.600 | 43.300 | 0.482 | 0.485 | 0.479 | 0.000 | 0.481 | 0.740 | 0.483 | -0.036 | 
2015-01-10 21:24:28 | 10         | 1640    | 41.000 | 42.400 | 38.500 | 42.100 | 0.509 | 0.524 | 0.492 | 0.000 | 0.505 | 0.746 | 0.500 | +0.016 | 
2015-01-10 21:24:55 | 10         | 1640    | 38.300 | 43.000 | 42.900 | 39.800 | 0.496 | 0.500 | 0.489 | 0.000 | 0.492 | 0.745 | 0.478 | -0.011 | 
2015-01-10 21:25:46 | 10         | 1640    | 40.100 | 40.700 | 39.300 | 43.900 | 0.493 | 0.510 | 0.478 | 0.000 | 0.492 | 0.739 | 0.490 | -0.013 | 
2015-01-10 21:26:17 | 10         | 1640    | 44.300 | 38.800 | 41.500 | 39.400 | 0.507 | 0.486 | 0.529 | 0.000 | 0.505 | 0.765 | 0.521 | +0.015 | 
2015-01-10 22:06:37 | 10         | 1640    | 38.000 | 41.800 | 42.200 | 42.000 | 0.487 | 0.499 | 0.476 | 0.000 | 0.486 | 0.738 | 0.473 | -0.025 | 
2015-01-10 22:07:22 | 10         | 1640    | 41.300 | 40.000 | 42.300 | 40.400 | 0.496 | 0.484 | 0.508 | 0.000 | 0.494 | 0.754 | 0.500 | -0.008 | 
2015-01-10 22:18:24 | 10         | 1640    | 42.100 | 39.500 | 43.000 | 39.400 | 0.498 | 0.479 | 0.516 | 0.000 | 0.496 | 0.758 | 0.504 | -0.005 | 
2015-01-10 22:19:21 | 10         | 1640    | 41.300 | 42.300 | 41.600 | 38.800 | 0.510 | 0.504 | 0.514 | 0.000 | 0.505 | 0.757 | 0.504 | +0.018 | 
2015-01-10 22:19:33 | 10         | 1640    | 40.600 | 40.400 | 41.500 | 41.500 | 0.494 | 0.493 | 0.494 | 0.000 | 0.492 | 0.747 | 0.494 | -0.013 | 
2015-01-10 22:46:00 | 10         | 1640    | 39.800 | 39.500 | 39.600 | 45.100 | 0.484 | 0.502 | 0.468 | 0.000 | 0.483 | 0.734 | 0.483 | -0.031 | 
